-2.500000000000000000e+00 3.421928900154616038e-01
-2.449494949494949392e+00 -7.617348145561858574e-01
-2.398989898989898784e+00 3.398810360933195440e-01
-2.348484848484848619e+00 -1.390423049243089348e+00
-2.297979797979798011e+00 -2.621553793459841408e+00
-2.247474747474747403e+00 5.563739049240615797e-01
-2.196969696969696795e+00 -5.702872457949279550e-01
-2.146464646464646631e+00 4.159798516582714489e-01
-2.095959595959596022e+00 2.133117592381313932e-01
-2.045454545454545414e+00 -1.261603588162024225e+00
-1.994949494949494806e+00 1.800207409874407527e-01
-1.944444444444444420e+00 7.340542021207532297e-01
-1.893939393939394034e+00 2.324577242378592923e-01
-1.843434343434343425e+00 -6.773830228087104333e-01
-1.792929292929292817e+00 -2.319501266352218538e-01
-1.742424242424242431e+00 1.682743146997311534e+00
-1.691919191919192045e+00 -5.132812216333837441e-02
-1.641414141414141437e+00 -3.012675931973614052e-01
-1.590909090909090828e+00 -1.894339670390901009e-01
-1.540404040404040442e+00 1.285861690139449953e+00
-1.489898989898989834e+00 2.085487407167545992e+00
-1.439393939393939448e+00 1.372910740758034098e+00
-1.388888888888888840e+00 3.569935111413786277e+00
-1.338383838383838453e+00 3.200081757794575044e+00
-1.287878787878787845e+00 3.346304115186676142e+00
-1.237373737373737459e+00 2.676455764077422028e+00
-1.186868686868686851e+00 3.512947633293473704e+00
-1.136363636363636465e+00 3.202324786802999146e+00
-1.085858585858585856e+00 2.631294364307003697e+00
-1.035353535353535470e+00 3.027332440935876168e+00
-9.848484848484848619e-01 4.113187392821259891e+00
-9.343434343434344758e-01 3.518606761059892563e+00
-8.838383838383838675e-01 3.943135841506411943e+00
-8.333333333333332593e-01 2.733664411321195864e+00
-7.828282828282828731e-01 3.098072470300696324e+00
-7.323232323232322649e-01 3.064944894674415110e+00
-6.818181818181818787e-01 3.995749069752424720e+00
-6.313131313131312705e-01 4.444206078098916102e+00
-5.808080808080808843e-01 4.006813132334213101e+00
-5.303030303030302761e-01 4.692936905687507654e+00
-4.797979797979796679e-01 3.976667325596173974e+00
-4.292929292929295038e-01 3.952972424801595164e+00
-3.787878787878788955e-01 3.073247259832299072e+00
-3.282828282828282873e-01 2.504141165808912994e+00
-2.777777777777776791e-01 6.704178855454484776e+00
-2.272727272727275150e-01 4.943622406647354417e+00
-1.767676767676769067e-01 4.824194852408512979e+00
-1.262626262626262985e-01 4.859182999026473659e+00
-7.575757575757569029e-02 5.747836372137733463e+00
-2.525252525252508207e-02 3.584557550162231099e+00
2.525252525252508207e-02 4.774401479975341367e+00
7.575757575757569029e-02 6.651495801630142424e+00
1.262626262626262985e-01 4.793070132874294842e+00
1.767676767676769067e-01 4.962123466107448699e+00
2.272727272727270709e-01 5.481196860820640282e+00
2.777777777777776791e-01 4.193661632816478857e+00
3.282828282828282873e-01 6.107903171397049746e+00
3.787878787878788955e-01 4.279320220601994684e+00
4.292929292929290597e-01 2.923220911528838784e+00
4.797979797979796679e-01 4.708715653997006534e+00
5.303030303030302761e-01 4.615723237604107965e+00
5.808080808080808843e-01 5.506634415182396047e+00
6.313131313131310485e-01 5.691812181463012266e+00
6.818181818181816567e-01 4.126730335357742696e+00
7.323232323232322649e-01 2.780860682055966038e+00
7.828282828282828731e-01 2.892590339752135087e+00
8.333333333333334814e-01 3.466596632231902841e+00
8.838383838383836455e-01 4.685295531995335772e+00
9.343434343434342537e-01 5.205140745187674334e+00
9.848484848484848619e-01 5.222339354115633547e+00
1.035353535353535470e+00 4.003418800502879904e+00
1.085858585858585634e+00 3.048913334977461087e+00
1.136363636363636243e+00 5.004753234623893654e+00
1.186868686868686851e+00 3.033726391299258918e+00
1.237373737373737459e+00 3.867604626357441511e+00
1.287878787878787623e+00 3.431593537448765829e+00
1.338383838383838231e+00 1.850446203850476756e+00
1.388888888888888840e+00 2.427674481717791100e+00
1.439393939393939448e+00 2.208220761177037694e+00
1.489898989898989612e+00 7.257569179252152392e-01
1.540404040404040664e+00 1.772138934337473160e+00
1.590909090909090828e+00 2.355238946804343758e+00
1.641414141414140992e+00 2.173253497059996597e+00
1.691919191919192045e+00 4.679014406045756136e-01
1.742424242424242209e+00 6.916779129292662809e-01
1.792929292929293261e+00 -3.184378628305775116e-01
1.843434343434343425e+00 7.356842806902635923e-01
1.893939393939393590e+00 2.344521089607437325e+00
1.944444444444444642e+00 -3.931556039266521085e-01
1.994949494949494806e+00 8.667466714421272478e-01
2.045454545454544970e+00 -6.438684031141976849e-01
2.095959595959596022e+00 -1.926247950105356710e-01
2.146464646464646187e+00 -3.319604971176670638e+00
2.196969696969697239e+00 -1.728029479405605695e+00
2.247474747474747403e+00 -5.571686990608213375e-01
2.297979797979797567e+00 -1.603376628488727640e+00
2.348484848484848619e+00 1.520663912911084603e+00
2.398989898989898784e+00 -1.743800538416376611e+00
2.449494949494949836e+00 -2.156079423540673279e+00
2.500000000000000000e+00 -2.608591243056106457e+00
