-2.500000000000000000e+00 -1.888726162596759295e+00
-2.489979959919839558e+00 -2.989695569927120378e+00
-2.479959919839679561e+00 -3.460824261130611923e+00
-2.469939879759519119e+00 -2.457479210284158277e+00
-2.459919839679358677e+00 -3.550664445723239027e+00
-2.449899799599198236e+00 -1.846110275291243052e+00
-2.439879759519038238e+00 -1.775094255755443884e+00
-2.429859719438877796e+00 -1.940650979509953356e+00
-2.419839679358717355e+00 -1.744697955966977299e+00
-2.409819639278556913e+00 -3.067853429558702771e+00
-2.399799599198396916e+00 -1.492217564652910777e+00
-2.389779559118236474e+00 -6.987761701517758439e-02
-2.379759519038076032e+00 -1.970947581871208776e+00
-2.369739478957916035e+00 -2.430015697143101505e+00
-2.359719438877755593e+00 1.381008951020877396e+00
-2.349699398797595151e+00 1.205688064173092044e+00
-2.339679358717434710e+00 -6.793305413074490762e-01
-2.329659318637274712e+00 -1.401105029097411414e-01
-2.319639278557114270e+00 -2.834555830013768318e+00
-2.309619238476953829e+00 -2.246011916023255672e+00
-2.299599198396793831e+00 -2.174368624971235064e+00
-2.289579158316633389e+00 -2.691252230775642573e-01
-2.279559118236472948e+00 -3.867100429587057242e+00
-2.269539078156312506e+00 -3.093212657151531708e-01
-2.259519038076152508e+00 8.882168095524409779e-01
-2.249498997995992067e+00 -2.218851344064868947e+00
-2.239478957915831625e+00 -4.414180233795930164e-01
-2.229458917835671183e+00 -3.191957652115198218e-01
-2.219438877755511186e+00 -4.621709776957297899e-01
-2.209418837675350744e+00 -9.575447745717255987e-01
-2.199398797595190302e+00 -1.446792307785267351e-01
-2.189378757515029861e+00 -6.047673421964860907e-01
-2.179358717434869863e+00 1.439603472724656941e+00
-2.169338677354709422e+00 -8.127692923353875276e-01
-2.159318637274548980e+00 -8.872120841248535283e-01
-2.149298597194388982e+00 8.232968160041607142e-01
-2.139278557114228541e+00 -5.103968962810535581e-01
-2.129258517034068099e+00 -1.179308607067000025e-01
-2.119238476953907657e+00 5.205918057567217039e-01
-2.109218436873747660e+00 1.577319753111176559e-01
-2.099198396793587218e+00 -8.415733592638151572e-01
-2.089178356713426776e+00 -1.308905475186388889e+00
-2.079158316633266779e+00 -8.890340734556256841e-02
-2.069138276553106337e+00 1.015144990095357413e-01
-2.059118236472945895e+00 -9.032434849248802133e-02
-2.049098196392785454e+00 8.097446342277861420e-02
-2.039078156312625456e+00 -1.513526402844822982e+00
-2.029058116232465014e+00 -2.526520602869507526e-01
-2.019038076152304573e+00 6.879258169974513670e-01
-2.009018036072144131e+00 -1.520891410719944048e+00
-1.998997995991984133e+00 -2.277425447889086865e-02
-1.988977955911823692e+00 -2.231054367965602525e-01
-1.978957915831663250e+00 2.858498640170121230e-01
-1.968937875751503030e+00 -8.470975470006867347e-01
-1.958917835671342811e+00 -4.618048775147265417e-01
-1.948897795591182369e+00 -1.306643440907606923e-01
-1.938877755511021928e+00 1.111193679526054856e+00
-1.928857715430861708e+00 2.204504378117230878e+00
-1.918837675350701488e+00 2.112412427995420838e+00
-1.908817635270541047e+00 1.890406524896667495e+00
-1.898797595190380827e+00 -1.395699031884548580e-01
-1.888777555110220607e+00 1.118498175966457397e+00
-1.878757515030060166e+00 8.228788015598680339e-01
-1.868737474949899724e+00 -8.480811460533647095e-01
-1.858717434869739504e+00 -1.251694638532871995e+00
-1.848697394789579285e+00 4.239479231472515486e-01
-1.838677354709418843e+00 -1.450509807011794106e+00
-1.828657314629258401e+00 7.571579388732422311e-01
-1.818637274549098182e+00 1.980743832010691152e+00
-1.808617234468937962e+00 7.417613727143413938e-01
-1.798597194388777520e+00 3.132988674787254291e-01
-1.788577154308617301e+00 7.216584035709550093e-02
-1.778557114228457081e+00 4.499227192698485034e-01
-1.768537074148296639e+00 1.683002932590123901e+00
-1.758517034068136198e+00 1.830722530686627048e-01
-1.748496993987975978e+00 8.042067493888123142e-01
-1.738476953907815759e+00 4.700011747413467278e-01
-1.728456913827655317e+00 -1.948100104619918671e-01
-1.718436873747494875e+00 1.637894583848700014e+00
-1.708416833667334656e+00 -3.536048123249369013e-03
-1.698396793587174436e+00 2.191982188251289543e+00
-1.688376753507013994e+00 1.804207218270187152e+00
-1.678356713426853775e+00 2.287227459344713054e+00
-1.668336673346693555e+00 1.166335857701010115e+00
-1.658316633266533113e+00 2.271726116845913968e+00
-1.648296593186372672e+00 7.171364707450462728e-01
-1.638276553106212452e+00 2.139883699301553754e+00
-1.628256513026052232e+00 1.558065501704573030e+00
-1.618236472945891791e+00 2.881582303604624862e+00
-1.608216432865731349e+00 2.597392005820461591e+00
-1.598196392785571129e+00 1.939472302294283468e+00
-1.588176352705410910e+00 2.145479943209709361e+00
-1.578156312625250468e+00 1.276585324746457806e+00
-1.568136272545090248e+00 -1.036758777584638525e+00
-1.558116232464930029e+00 1.929757847164212059e+00
-1.548096192384769587e+00 1.819859807608346758e+00
-1.538076152304609145e+00 2.324636482774213420e+00
-1.528056112224448926e+00 1.974393566197907290e+00
-1.518036072144288706e+00 2.018636788533134219e+00
-1.508016032064128265e+00 1.128181103043880196e+00
-1.497995991983968045e+00 1.012426029783641823e+00
-1.487975951903807603e+00 1.906711759282851526e+00
-1.477955911823647384e+00 6.104258628598742131e-01
-1.467935871743486942e+00 9.298341956699771593e-01
-1.457915831663326722e+00 1.671467574575959070e+00
-1.447895791583166281e+00 9.754856256581472262e-01
-1.437875751503006061e+00 1.196779610857790388e+00
-1.427855711422845841e+00 2.377632778773490774e+00
-1.417835671342685400e+00 2.265083473242257117e+00
-1.407815631262525180e+00 1.211464148262511920e+00
-1.397795591182364738e+00 3.346308360290759509e+00
-1.387775551102204519e+00 5.645714779853254761e-01
-1.377755511022044077e+00 2.206775443211971499e+00
-1.367735470941883857e+00 2.464485406190040973e+00
-1.357715430861723416e+00 2.193540184968967743e+00
-1.347695390781563196e+00 1.262582598266966727e+00
-1.337675350701402754e+00 -3.215875363262288289e-02
-1.327655310621242535e+00 2.046682447610517652e+00
-1.317635270541082315e+00 4.202178517376557565e+00
-1.307615230460921874e+00 4.323041412266329431e+00
-1.297595190380761654e+00 3.473869986491467721e+00
-1.287575150300601212e+00 2.145534988875194227e+00
-1.277555110220440993e+00 2.116407047310970846e+00
-1.267535070140280551e+00 1.998226272749807464e+00
-1.257515030060120331e+00 2.155920741466133883e+00
-1.247494989979959890e+00 2.186905184301515703e+00
-1.237474949899799670e+00 3.471892186392460555e+00
-1.227454909819639228e+00 2.442504716154580979e+00
-1.217434869739479009e+00 1.904959077582827121e+00
-1.207414829659318789e+00 3.980525030640473361e+00
-1.197394789579158347e+00 3.938890056561539232e+00
-1.187374749498998128e+00 3.397369080451015932e+00
-1.177354709418837686e+00 3.329922039352521956e+00
-1.167334669338677466e+00 4.150751842725584950e+00
-1.157314629258517025e+00 1.688816315310538441e+00
-1.147294589178356805e+00 3.807867386892069383e+00
-1.137274549098196363e+00 3.933300707091506254e+00
-1.127254509018036144e+00 3.285063443822065388e+00
-1.117234468937875702e+00 2.922086443047073434e+00
-1.107214428857715482e+00 2.547190286620705013e+00
-1.097194388777555263e+00 2.057949045662963883e+00
-1.087174348697394821e+00 3.883479654240845846e+00
-1.077154308617234602e+00 2.897321251472037673e+00
-1.067134268537074160e+00 3.890551773367731059e+00
-1.057114228456913940e+00 3.313954954776923589e+00
-1.047094188376753499e+00 3.425241683615767752e+00
-1.037074148296593279e+00 2.113495897770970799e+00
-1.027054108216432837e+00 4.270153381090614708e+00
-1.017034068136272618e+00 3.823164410922315071e+00
-1.007014028056112176e+00 3.823640855944031802e+00
-9.969939879759519563e-01 4.729719055094104618e+00
-9.869739478957917367e-01 4.929998680996938276e+00
-9.769539078156312950e-01 3.576965499503914181e+00
-9.669338677354710754e-01 3.176105510880030458e+00
-9.569138276553106337e-01 4.181284288918440062e+00
-9.468937875751504141e-01 2.022416491910564496e+00
-9.368737474949899724e-01 3.628589691257737115e+00
-9.268537074148297528e-01 4.544931456288471061e+00
-9.168336673346693111e-01 2.146644814916377264e+00
-9.068136272545090915e-01 5.373645342307905359e+00
-8.967935871743488718e-01 2.364685705228560142e+00
-8.867735470941884302e-01 3.228831073983945643e+00
-8.767535070140282105e-01 3.159154413615523627e+00
-8.667334669338677688e-01 3.413435466029962839e+00
-8.567134268537075492e-01 1.327214027929694673e+00
-8.466933867735471075e-01 5.237984678250918513e+00
-8.366733466933868879e-01 2.773232189706483553e+00
-8.266533066132264462e-01 4.630945497235693153e+00
-8.166332665330662266e-01 3.942410064863426822e+00
-8.066132264529057849e-01 5.005259811108004442e+00
-7.965931863727455653e-01 2.829866883213919770e+00
-7.865731462925853457e-01 4.939827899863965754e+00
-7.765531062124249040e-01 4.246279051420927431e+00
-7.665330661322646844e-01 5.464265311774883394e+00
-7.565130260521042427e-01 3.477234743521476545e+00
-7.464929859719440230e-01 4.224571198474385447e+00
-7.364729458917835814e-01 5.990095245818349845e+00
-7.264529058116233617e-01 5.640729359097940154e+00
-7.164328657314629201e-01 4.349575576230980012e+00
-7.064128256513027004e-01 2.076894282533355618e+00
-6.963927855711422588e-01 4.688382314375934001e+00
-6.863727454909820391e-01 4.902076707605321104e+00
-6.763527054108218195e-01 5.154370163141338779e+00
-6.663326653306613778e-01 2.647604979579697648e+00
-6.563126252505011582e-01 2.243394670943745783e+00
-6.462925851703407165e-01 3.990495423331672065e+00
-6.362725450901804969e-01 5.242154351979170457e+00
-6.262525050100200552e-01 4.450291695271419101e+00
-6.162324649298598356e-01 4.131313115846728223e+00
-6.062124248496993939e-01 4.963666782374946074e+00
-5.961923847695391743e-01 4.803553748439316706e+00
-5.861723446893787326e-01 2.025107451273429504e+00
-5.761523046092185130e-01 5.338287270900240244e+00
-5.661322645290582933e-01 3.783874448220062359e+00
-5.561122244488978517e-01 4.487272311800863278e+00
-5.460921843687376320e-01 1.525238204145000331e+00
-5.360721442885771904e-01 5.515668404506369527e+00
-5.260521042084169707e-01 4.512175066813501445e+00
-5.160320641282565290e-01 3.507417247742205646e+00
-5.060120240480963094e-01 2.667947882934581294e+00
-4.959919839679360898e-01 5.378718165342399438e+00
-4.859719438877756481e-01 3.833968494875260813e+00
-4.759519038076152064e-01 5.042478921876837106e+00
-4.659318637274552088e-01 4.240552492821580977e+00
-4.559118236472947672e-01 4.818006431403905054e+00
-4.458917835671343255e-01 5.021630343055917933e+00
-4.358717434869738838e-01 4.672213714757876168e+00
-4.258517034068138862e-01 6.021967538612767790e+00
-4.158316633266534446e-01 4.800004717695805390e+00
-4.058116232464930029e-01 5.163484509002387313e+00
-3.957915831663325612e-01 3.372140637490617543e+00
-3.857715430861725636e-01 4.210188376743171368e+00
-3.757515030060121219e-01 5.114814769351343493e+00
-3.657314629258516803e-01 6.334197032207665501e+00
-3.557114228456916827e-01 4.909117971035541039e+00
-3.456913827655312410e-01 4.075348174155893233e+00
-3.356713426853707993e-01 3.567628674806821110e+00
-3.256513026052103577e-01 3.510653833989548112e+00
-3.156312625250503601e-01 6.437862541732311428e+00
-3.056112224448899184e-01 5.801261401492565639e+00
-2.955911823647294767e-01 6.199540416035789647e+00
-2.855711422845690350e-01 4.121076218258882484e+00
-2.755511022044090375e-01 3.888313363513990595e+00
-2.655310621242485958e-01 3.828870822457334455e+00
-2.555110220440881541e-01 4.763107638760600615e+00
-2.454909819639281565e-01 4.976989663460129165e+00
-2.354709418837677148e-01 4.826568204448362209e+00
-2.254509018036072732e-01 6.158007995993473038e+00
-2.154308617234468315e-01 4.960105099319325639e+00
-2.054108216432868339e-01 4.914381989687582220e+00
-1.953907815631263922e-01 4.452412369941613157e+00
-1.853707414829659506e-01 7.667702055156670582e+00
-1.753507014028055089e-01 2.166822070870626060e+00
-1.653306613226455113e-01 5.840916619885397232e+00
-1.553106212424850696e-01 7.180881853409596616e+00
-1.452905811623246279e-01 5.227652979746681083e+00
-1.352705410821646304e-01 5.216791717191076039e+00
-1.252505010020041887e-01 5.174401953998754244e+00
-1.152304609218437470e-01 6.574894299030511036e+00
-1.052104208416833053e-01 5.749853679487536340e+00
-9.519038076152330774e-02 4.636279054693885016e+00
-8.517034068136286606e-02 5.040254692393778768e+00
-7.515030060120242439e-02 3.881737245275576953e+00
-6.513026052104198271e-02 4.760626581478312858e+00
-5.511022044088198513e-02 4.210853225930748955e+00
-4.509018036072154345e-02 5.091988234058113960e+00
-3.507014028056110178e-02 4.508478784631325453e+00
-2.505010020040110419e-02 4.905662129587992304e+00
-1.503006012024066251e-02 7.081501841973439682e+00
-5.010020040080220838e-03 2.995690731168935805e+00
5.010020040080220838e-03 5.488418898773954169e+00
1.503006012024021842e-02 6.555219593907212428e+00
2.505010020040066010e-02 4.435888649574313725e+00
3.507014028056110178e-02 4.975002310731994726e+00
4.509018036072154345e-02 5.243944456119307596e+00
5.511022044088154104e-02 7.062107521404517030e+00
6.513026052104198271e-02 4.060299884605797160e+00
7.515030060120242439e-02 6.117918333083893323e+00
8.517034068136242198e-02 5.953385867095734696e+00
9.519038076152286365e-02 4.277565229515730039e+00
1.052104208416833053e-01 4.324405270609479324e+00
1.152304609218437470e-01 5.073742730352356567e+00
1.252505010020037446e-01 5.256336655683758963e+00
1.352705410821641863e-01 4.541108103535015594e+00
1.452905811623246279e-01 5.285345706364246610e+00
1.553106212424850696e-01 7.744808939084876442e+00
1.653306613226450672e-01 3.638377233297844349e+00
1.753507014028055089e-01 5.330221056913072353e+00
1.853707414829659506e-01 3.563816074207516671e+00
1.953907815631259481e-01 3.883091115384092351e+00
2.054108216432863898e-01 4.970308720039839478e+00
2.154308617234468315e-01 5.062469456965537518e+00
2.254509018036072732e-01 5.451219491474859069e+00
2.354709418837672708e-01 5.976854279812302551e+00
2.454909819639277124e-01 4.271083781022893433e+00
2.555110220440881541e-01 4.061274088766025692e+00
2.655310621242485958e-01 3.990347324933577688e+00
2.755511022044085934e-01 4.738023298163245300e+00
2.855711422845690350e-01 5.663455023733297011e+00
2.955911823647294767e-01 4.594742901585597394e+00
3.056112224448894743e-01 4.762012488089767182e+00
3.156312625250499160e-01 3.495612036008994394e+00
3.256513026052103577e-01 4.317649033663619740e+00
3.356713426853707993e-01 5.534867412218597238e+00
3.456913827655307969e-01 6.022316298288021841e+00
3.557114228456912386e-01 5.886691494359718391e+00
3.657314629258516803e-01 3.411198820461255110e+00
3.757515030060121219e-01 2.986567201007161110e+00
3.857715430861721195e-01 5.938290488316083859e+00
3.957915831663325612e-01 5.013268930033975224e+00
4.058116232464930029e-01 3.921103478399171394e+00
4.158316633266530005e-01 4.324738489278231235e+00
4.258517034068134421e-01 5.977492432752953277e+00
4.358717434869738838e-01 4.793998065148993959e+00
4.458917835671343255e-01 4.708534547957994754e+00
4.559118236472943231e-01 5.620676718229729474e+00
4.659318637274547648e-01 5.247266122352177042e+00
4.759519038076152064e-01 4.795418967532498300e+00
4.859719438877756481e-01 5.409635173069172076e+00
4.959919839679356457e-01 4.129582710369029463e+00
5.060120240480960874e-01 4.256285484743521863e+00
5.160320641282565290e-01 3.726794620856216156e+00
5.260521042084165266e-01 3.490029210280528371e+00
5.360721442885769683e-01 5.623175710455302401e+00
5.460921843687374100e-01 4.669268054560140158e+00
5.561122244488978517e-01 6.741974570039582559e+00
5.661322645290578492e-01 2.626705018906778655e+00
5.761523046092182909e-01 3.053044545373148733e+00
5.861723446893787326e-01 3.461735830462506769e+00
5.961923847695391743e-01 2.651263611180040947e+00
6.062124248496991719e-01 2.599125531208098749e+00
6.162324649298596135e-01 3.871406931523833528e+00
6.262525050100200552e-01 4.186537941275396690e+00
6.362725450901800528e-01 4.311490738925083832e+00
6.462925851703404945e-01 3.725518057997900367e+00
6.563126252505009361e-01 3.649400726345747970e+00
6.663326653306613778e-01 4.509402280535873331e+00
6.763527054108213754e-01 5.179100658101334353e+00
6.863727454909818171e-01 3.789762394919009125e+00
6.963927855711422588e-01 3.484815711230031976e+00
7.064128256513022563e-01 4.283251926756084238e+00
7.164328657314626980e-01 3.484337044066418976e+00
7.264529058116231397e-01 4.909735636089851418e+00
7.364729458917835814e-01 3.391014903185669560e+00
7.464929859719435790e-01 2.829737158242664474e+00
7.565130260521040206e-01 5.523097252709389338e+00
7.665330661322644623e-01 5.623389781372791774e+00
7.765531062124249040e-01 5.846290861791641369e+00
7.865731462925849016e-01 4.098208271120527435e+00
7.965931863727453432e-01 4.413701460446074698e+00
8.066132264529057849e-01 3.035040166622269275e+00
8.166332665330657825e-01 5.097430765693554910e+00
8.266533066132262242e-01 2.474258355131354392e+00
8.366733466933866659e-01 2.882998578857629113e+00
8.466933867735471075e-01 2.739330587247608584e+00
8.567134268537071051e-01 4.303252522118963697e+00
8.667334669338675468e-01 4.761372095095586232e+00
8.767535070140279885e-01 4.638186017770760117e+00
8.867735470941884302e-01 1.904299008260160964e+00
8.967935871743484277e-01 2.558967816706453124e+00
9.068136272545088694e-01 5.204845129511975088e+00
9.168336673346693111e-01 1.930070701773976216e+00
9.268537074148293087e-01 4.250707537128143088e+00
9.368737474949897504e-01 4.105994934473591762e+00
9.468937875751501920e-01 3.294467650582959095e+00
9.569138276553106337e-01 2.609583889818482216e+00
9.669338677354706313e-01 3.983651697749851728e+00
9.769539078156310730e-01 5.064804115744814261e+00
9.869739478957915146e-01 4.095985324995690569e+00
9.969939879759519563e-01 4.167248906821737542e+00
1.007014028056111954e+00 2.219439608566172950e+00
1.017034068136272396e+00 2.389605240758310600e+00
1.027054108216432837e+00 4.469880035062639756e+00
1.037074148296592835e+00 3.690205793343313001e+00
1.047094188376753277e+00 3.761675406061024685e+00
1.057114228456913718e+00 2.962877292225736259e+00
1.067134268537074160e+00 3.370984561874422525e+00
1.077154308617234157e+00 4.781871109453359026e+00
1.087174348697394599e+00 2.458131557862373917e+00
1.097194388777555041e+00 4.100297058966296149e+00
1.107214428857715482e+00 3.726410873830277026e+00
1.117234468937875480e+00 3.246499314911267309e+00
1.127254509018035922e+00 2.760458072332072188e+00
1.137274549098196363e+00 5.044872856671076100e+00
1.147294589178356361e+00 2.886818701497070538e+00
1.157314629258516803e+00 4.268982362019090537e+00
1.167334669338677244e+00 3.242892849864722926e+00
1.177354709418837686e+00 2.482165045688825344e+00
1.187374749498997684e+00 3.453088349865941264e+00
1.197394789579158125e+00 1.828741810345872798e+00
1.207414829659318567e+00 3.461487025976861975e+00
1.217434869739479009e+00 4.629821549681670589e+00
1.227454909819639006e+00 3.699976157994474768e+00
1.237474949899799448e+00 2.559097489543714854e+00
1.247494989979959890e+00 1.688299556448456418e+00
1.257515030060119887e+00 1.298227690362356412e+00
1.267535070140280329e+00 1.763883533670004056e+00
1.277555110220440771e+00 9.262288388285544460e-01
1.287575150300601212e+00 1.544267800441873284e+00
1.297595190380761210e+00 2.853397427248567819e+00
1.307615230460921651e+00 8.100106507729225580e-01
1.317635270541082093e+00 6.961265073325875186e-01
1.327655310621242535e+00 1.961888449610697638e+00
1.337675350701402532e+00 1.591414443912525289e+00
1.347695390781562974e+00 2.756173316001027551e+00
1.357715430861723416e+00 3.476561335078484305e+00
1.367735470941883413e+00 2.817279666728132348e+00
1.377755511022043855e+00 1.881990044539379792e+00
1.387775551102204297e+00 2.261966612327586112e+00
1.397795591182364738e+00 1.888011942373882146e+00
1.407815631262524736e+00 4.065687239949358212e-01
1.417835671342685178e+00 1.912960390301899238e+00
1.427855711422845619e+00 3.583875160079404321e+00
1.437875751503006061e+00 8.274947139527457640e-01
1.447895791583166059e+00 1.127803288840597773e+00
1.457915831663326500e+00 3.279572697033935391e+00
1.467935871743486942e+00 1.221400168525922592e+00
1.477955911823646939e+00 -3.650767177110132433e-01
1.487975951903807381e+00 1.065697517409638806e+00
1.497995991983967823e+00 2.751295864340899122e+00
1.508016032064127820e+00 1.089327568923248668e+00
1.518036072144288262e+00 2.966856614208117193e+00
1.528056112224448704e+00 2.383614324673908325e+00
1.538076152304609145e+00 1.083955489922786342e+00
1.548096192384769587e+00 7.053377842519374941e-01
1.558116232464930029e+00 1.756977162200535236e+00
1.568136272545089582e+00 2.091649013347882669e+00
1.578156312625250024e+00 3.269145214332273675e+00
1.588176352705410466e+00 5.605757564750224464e-01
1.598196392785570907e+00 9.453251702699018155e-01
1.608216432865731349e+00 1.730659845086346849e+00
1.618236472945891791e+00 2.297353732699382256e+00
1.628256513026052232e+00 2.009326893862537489e+00
1.638276553106212674e+00 2.243097575528403276e+00
1.648296593186372228e+00 5.203534423128999276e-01
1.658316633266532669e+00 1.568046670230755613e+00
1.668336673346693111e+00 6.794977779918575100e-01
1.678356713426853553e+00 1.519498015836479476e+00
1.688376753507013994e+00 7.309468637537831492e-01
1.698396793587174436e+00 -5.063256461071161674e-01
1.708416833667334878e+00 8.399939851551756487e-01
1.718436873747494431e+00 2.202402952440023931e+00
1.728456913827654873e+00 1.778271307504398990e+00
1.738476953907815314e+00 -1.062014127928784024e+00
1.748496993987975756e+00 8.964885399941733279e-01
1.758517034068136198e+00 -5.581252986924374326e-01
1.768537074148296639e+00 2.987150004918892598e-02
1.778557114228457081e+00 1.550763142321476495e+00
1.788577154308616635e+00 1.575006670269911258e+00
1.798597194388777076e+00 -2.945859744126720914e-01
1.808617234468937518e+00 2.520686087335271885e+00
1.818637274549097960e+00 -6.890472548527604157e-02
1.828657314629258401e+00 1.887431544706026809e+00
1.838677354709418843e+00 1.577313039057179012e+00
1.848697394789579285e+00 -1.338699640496002097e+00
1.858717434869739726e+00 1.446550560879178438e+00
1.868737474949899280e+00 1.634836102625659926e+00
1.878757515030059722e+00 1.656157415956896362e+00
1.888777555110220163e+00 2.718251324752387177e+00
1.898797595190380605e+00 2.788437344957108155e-01
1.908817635270541047e+00 1.214073138556335696e+00
1.918837675350701488e+00 1.342471475758172605e+00
1.928857715430861930e+00 -3.594997316871945126e-02
1.938877755511021483e+00 -1.699877436502219008e-01
1.948897795591181925e+00 7.833937755388676871e-01
1.958917835671342367e+00 9.369083212188226983e-02
1.968937875751502808e+00 1.103089621059385461e+00
1.978957915831663250e+00 -1.041762865559727747e+00
1.988977955911823692e+00 -1.938995747971985928e+00
1.998997995991984133e+00 -1.413355565348653753e-01
2.009018036072143687e+00 -6.777637401305184328e-01
2.019038076152304129e+00 -1.281117223049833276e-01
2.029058116232464570e+00 -1.147219014262560677e+00
2.039078156312625012e+00 -5.727328322520497395e-01
2.049098196392785454e+00 -2.049193706068719756e+00
2.059118236472945895e+00 -1.857926601253966137e+00
2.069138276553106337e+00 -1.313005044050248760e+00
2.079158316633266779e+00 -9.886025978329341379e-01
2.089178356713426332e+00 -4.250287298276284043e-02
2.099198396793586774e+00 4.461279771912150527e-01
2.109218436873747216e+00 -1.018264123385342224e+00
2.119238476953907657e+00 -1.041273974895253085e+00
2.129258517034068099e+00 -6.583762049321272292e-01
2.139278557114228541e+00 -7.118677935298912685e-01
2.149298597194388982e+00 2.392093724320172310e-01
2.159318637274548536e+00 1.738516287500517787e-01
2.169338677354708977e+00 -1.493903602139283748e-01
2.179358717434869419e+00 -5.419284389206137087e-01
2.189378757515029861e+00 1.858395638543143269e-01
2.199398797595190302e+00 -8.592867656345416494e-01
2.209418837675350744e+00 -1.252571251141151309e+00
2.219438877755511186e+00 7.038832148100997443e-01
2.229458917835670739e+00 6.097399285863250862e-01
2.239478957915831181e+00 -1.638919747983113906e+00
2.249498997995991623e+00 6.755477959941675881e-01
2.259519038076152064e+00 -5.503850803719074758e-01
2.269539078156312506e+00 -1.269410803956203093e+00
2.279559118236472948e+00 -1.571865733640709584e+00
2.289579158316633389e+00 -2.587620130813395036e-02
2.299599198396793831e+00 -1.256830435746222330e+00
2.309619238476953385e+00 -1.265293303608878261e+00
2.319639278557113826e+00 -1.185517283510448605e+00
2.329659318637274268e+00 -8.244766498864342097e-01
2.339679358717434710e+00 -8.549367115623716096e-01
2.349699398797595151e+00 -1.035043459712718938e-01
2.359719438877755593e+00 -7.181651246417785073e-01
2.369739478957916035e+00 -1.722529507200902366e+00
2.379759519038075588e+00 -1.083118513491685420e+00
2.389779559118236030e+00 -8.357427741372362995e-01
2.399799599198396471e+00 -2.051409868148848403e+00
2.409819639278556913e+00 -2.788854299582806728e+00
2.419839679358717355e+00 -1.770969038696548425e+00
2.429859719438877796e+00 -1.299037321586231641e-01
2.439879759519038238e+00 -1.995219557921871001e+00
2.449899799599197792e+00 -2.556664686596461511e+00
2.459919839679358233e+00 -2.191580845824035784e+00
2.469939879759518675e+00 -2.244257303737200893e+00
2.479959919839679117e+00 -3.265618154282959651e+00
2.489979959919839558e+00 -2.637197176584558544e+00
2.500000000000000000e+00 -1.484100299418259050e+00
