-2.500000000000000000e+00 -4.159660267613829454e-01
-2.397959183673469497e+00 -1.491148701410270005e+00
-2.295918367346938993e+00 -8.978692391622717928e-01
-2.193877551020408045e+00 -9.965788034441509513e-01
-2.091836734693877542e+00 5.329439634276189608e-02
-1.989795918367347038e+00 -5.282928457609420425e-02
-1.887755102040816313e+00 -1.113197321660252204e+00
-1.785714285714285587e+00 1.316005888290549874e+00
-1.683673469387755084e+00 1.001019632953457750e+00
-1.581632653061224580e+00 3.289920065326604970e+00
-1.479591836734693855e+00 1.098377319340762659e+00
-1.377551020408163129e+00 3.058942988176571731e+00
-1.275510204081632626e+00 5.144094381952383443e+00
-1.173469387755102122e+00 2.053532608128976200e+00
-1.071428571428571397e+00 3.364326313530599410e+00
-9.693877551020406713e-01 2.973715303442525659e+00
-8.673469387755101678e-01 5.726162376924057718e+00
-7.653061224489796643e-01 4.369491070704995650e+00
-6.632653061224489388e-01 4.561973761385642590e+00
-5.612244897959182133e-01 4.629979889542608085e+00
-4.591836734693877098e-01 3.305485400305853361e+00
-3.571428571428572063e-01 5.594839611455900474e+00
-2.551020408163262587e-01 4.238979925124255921e+00
-1.530612244897957552e-01 6.574835322412916128e+00
-5.102040816326525174e-02 4.604070032236775134e+00
5.102040816326525174e-02 5.551663340360894594e+00
1.530612244897957552e-01 5.462634393036768010e+00
2.551020408163267028e-01 6.427441320606060771e+00
3.571428571428572063e-01 4.801909024312338126e+00
4.591836734693877098e-01 5.292863787058689873e+00
5.612244897959186574e-01 6.018101591504246173e+00
6.632653061224491609e-01 3.634644253051098062e+00
7.653061224489796643e-01 5.328264249402453245e+00
8.673469387755101678e-01 4.539355341754773399e+00
9.693877551020406713e-01 2.852955742027976971e+00
1.071428571428571619e+00 3.806849134237394239e+00
1.173469387755102122e+00 3.148034842132063638e+00
1.275510204081632626e+00 3.444654123704634863e+00
1.377551020408163573e+00 2.858430920782066398e+00
1.479591836734694077e+00 2.411634031123632393e+00
1.581632653061224580e+00 7.262877934545163283e-01
1.683673469387755084e+00 1.462622026859232260e+00
1.785714285714285587e+00 2.872643395614282724e+00
1.887755102040816091e+00 4.932953825217464283e-01
1.989795918367347483e+00 -7.410063740299366319e-01
2.091836734693877986e+00 3.351005631087321524e-01
2.193877551020408490e+00 -3.583203250793176586e+00
2.295918367346938993e+00 2.883917246848572979e-01
2.397959183673469497e+00 -1.834389747302860751e+00
2.500000000000000000e+00 -3.238895869786010184e+00
